image: /home/frank/work/ELEC70015_Human-Centered-Robotics-2026_Imperial/catkin_ws/src/p3at_lms_navigation/maps/task_session_20260320_162548.pgm
resolution: 0.050000
origin: [-15.000000, -15.000000, 0.000000]
negate: 0
occupied_thresh: 0.65
free_thresh: 0.196
